
 125.000000 1000.000000 0.100000
 125.000000 3000.000000 0.100000
 125.000000 5000.000000 0.100000
 125.000000 8500.000000 0.100000
 125.000000 13500.000000 0.100000
 125.000000 55500.000000 0.100000
 375.000000 1000.000000 0.100000
 375.000000 3000.000000 0.100000
 375.000000 5000.000000 0.100000
 375.000000 8500.000000 0.100000
 375.000000 13500.000000 0.100000
 375.000000 55500.000000 0.100000
 625.000000 1000.000000 0.100000
 625.000000 3000.000000 0.100000
 625.000000 5000.000000 0.100000
 625.000000 8500.000000 0.100000
 625.000000 13500.000000 0.100000
 625.000000 55500.000000 0.100000
 875.000000 1000.000000 0.100000
 875.000000 3000.000000 0.100000
 875.000000 5000.000000 0.100000
 875.000000 8500.000000 0.100000
 875.000000 13500.000000 0.100000
 875.000000 55500.000000 0.100000
 1500.000000 1000.000000 0.100000
 1500.000000 3000.000000 0.100000
 1500.000000 5000.000000 0.100000
 1500.000000 8500.000000 0.100000
 1500.000000 13500.000000 0.100000
 1500.000000 55500.000000 0.100000
 125.000000 1000.000000 0.300000
 125.000000 3000.000000 0.300000
 125.000000 5000.000000 0.300000
 125.000000 8500.000000 0.300000
 125.000000 13500.000000 0.300000
 125.000000 55500.000000 0.300000
 375.000000 1000.000000 0.300000
 375.000000 3000.000000 0.300000
 375.000000 5000.000000 0.300000
 375.000000 8500.000000 0.300000
 375.000000 13500.000000 0.300000
 375.000000 55500.000000 0.300000
 625.000000 1000.000000 0.300000
 625.000000 3000.000000 0.300000
 625.000000 5000.000000 0.300000
 625.000000 8500.000000 0.300000
 625.000000 13500.000000 0.300000
 625.000000 55500.000000 0.300000
 875.000000 1000.000000 0.300000
 875.000000 3000.000000 0.300000
 875.000000 5000.000000 0.300000
 875.000000 8500.000000 0.300000
 875.000000 13500.000000 0.300000
 875.000000 55500.000000 0.300000
 1500.000000 1000.000000 0.300000
 1500.000000 3000.000000 0.300000
 1500.000000 5000.000000 0.300000
 1500.000000 8500.000000 0.300000
 1500.000000 13500.000000 0.300000
 1500.000000 55500.000000 0.300000
 125.000000 1000.000000 0.500000
 125.000000 3000.000000 0.500000
 125.000000 5000.000000 0.500000
 125.000000 8500.000000 0.500000
 125.000000 13500.000000 0.500000
 125.000000 55500.000000 0.500000
 375.000000 1000.000000 0.500000
 375.000000 3000.000000 0.500000
 375.000000 5000.000000 0.500000
 375.000000 8500.000000 0.500000
 375.000000 13500.000000 0.500000
 375.000000 55500.000000 0.500000
 625.000000 1000.000000 0.500000
 625.000000 3000.000000 0.500000
 625.000000 5000.000000 0.500000
 625.000000 8500.000000 0.500000
 625.000000 13500.000000 0.500000
 625.000000 55500.000000 0.500000
 875.000000 1000.000000 0.500000
 875.000000 3000.000000 0.500000
 875.000000 5000.000000 0.500000
 875.000000 8500.000000 0.500000
 875.000000 13500.000000 0.500000
 875.000000 55500.000000 0.500000
 1500.000000 1000.000000 0.500000
 1500.000000 3000.000000 0.500000
 1500.000000 5000.000000 0.500000
 1500.000000 8500.000000 0.500000
 1500.000000 13500.000000 0.500000
 1500.000000 55500.000000 0.500000
 125.000000 1000.000000 0.700000
 125.000000 3000.000000 0.700000
 125.000000 5000.000000 0.700000
 125.000000 8500.000000 0.700000
 125.000000 13500.000000 0.700000
 125.000000 55500.000000 0.700000
 375.000000 1000.000000 0.700000
 375.000000 3000.000000 0.700000
 375.000000 5000.000000 0.700000
 375.000000 8500.000000 0.700000
 375.000000 13500.000000 0.700000
 375.000000 55500.000000 0.700000
 625.000000 1000.000000 0.700000
 625.000000 3000.000000 0.700000
 625.000000 5000.000000 0.700000
 625.000000 8500.000000 0.700000
 625.000000 13500.000000 0.700000
 625.000000 55500.000000 0.700000
 875.000000 1000.000000 0.700000
 875.000000 3000.000000 0.700000
 875.000000 5000.000000 0.700000
 875.000000 8500.000000 0.700000
 875.000000 13500.000000 0.700000
 875.000000 55500.000000 0.700000
 1500.000000 1000.000000 0.700000
 1500.000000 3000.000000 0.700000
 1500.000000 5000.000000 0.700000
 1500.000000 8500.000000 0.700000
 1500.000000 13500.000000 0.700000
 1500.000000 55500.000000 0.700000
 125.000000 1000.000000 0.900000
 125.000000 3000.000000 0.900000
 125.000000 5000.000000 0.900000
 125.000000 8500.000000 0.900000
 125.000000 13500.000000 0.900000
 125.000000 55500.000000 0.900000
 375.000000 1000.000000 0.900000
 375.000000 3000.000000 0.900000
 375.000000 5000.000000 0.900000
 375.000000 8500.000000 0.900000
 375.000000 13500.000000 0.900000
 375.000000 55500.000000 0.900000
 625.000000 1000.000000 0.900000
 625.000000 3000.000000 0.900000
 625.000000 5000.000000 0.900000
 625.000000 8500.000000 0.900000
 625.000000 13500.000000 0.900000
 625.000000 55500.000000 0.900000
 875.000000 1000.000000 0.900000
 875.000000 3000.000000 0.900000
 875.000000 5000.000000 0.900000
 875.000000 8500.000000 0.900000
 875.000000 13500.000000 0.900000
 875.000000 55500.000000 0.900000
 1500.000000 1000.000000 0.900000
 1500.000000 3000.000000 0.900000
 1500.000000 5000.000000 0.900000
 1500.000000 8500.000000 0.900000
 1500.000000 13500.000000 0.900000
 1500.000000 55500.000000 0.900000
