
 15625.000000 1000000.000000 0.100000
 15625.000000 1000000.000000 0.100000
 15625.000000 1000000.000000 0.100000
 15625.000000 6250000.000000 0.100000
 15625.000000 6250000.000000 0.100000
 15625.000000 1764000000.000000 0.100000
 15625.000000 1000000.000000 0.100000
 15625.000000 1000000.000000 0.100000
 15625.000000 1000000.000000 0.100000
 15625.000000 6250000.000000 0.100000
 15625.000000 6250000.000000 0.100000
 15625.000000 1764000000.000000 0.100000
 15625.000000 1000000.000000 0.100000
 15625.000000 1000000.000000 0.100000
 15625.000000 1000000.000000 0.100000
 15625.000000 6250000.000000 0.100000
 15625.000000 6250000.000000 0.100000
 15625.000000 1764000000.000000 0.100000
 62500.000000 1000000.000000 0.100000
 62500.000000 1000000.000000 0.100000
 62500.000000 1000000.000000 0.100000
 62500.000000 6250000.000000 0.100000
 62500.000000 6250000.000000 0.100000
 62500.000000 1764000000.000000 0.100000
 422500.000000 1000000.000000 0.100000
 422500.000000 1000000.000000 0.100000
 422500.000000 1000000.000000 0.100000
 422500.000000 6250000.000000 0.100000
 422500.000000 6250000.000000 0.100000
 422500.000000 1764000000.000000 0.100000
 15625.000000 1000000.000000 0.100000
 15625.000000 1000000.000000 0.100000
 15625.000000 1000000.000000 0.100000
 15625.000000 6250000.000000 0.100000
 15625.000000 6250000.000000 0.100000
 15625.000000 1764000000.000000 0.100000
 15625.000000 1000000.000000 0.100000
 15625.000000 1000000.000000 0.100000
 15625.000000 1000000.000000 0.100000
 15625.000000 6250000.000000 0.100000
 15625.000000 6250000.000000 0.100000
 15625.000000 1764000000.000000 0.100000
 15625.000000 1000000.000000 0.100000
 15625.000000 1000000.000000 0.100000
 15625.000000 1000000.000000 0.100000
 15625.000000 6250000.000000 0.100000
 15625.000000 6250000.000000 0.100000
 15625.000000 1764000000.000000 0.100000
 62500.000000 1000000.000000 0.100000
 62500.000000 1000000.000000 0.100000
 62500.000000 1000000.000000 0.100000
 62500.000000 6250000.000000 0.100000
 62500.000000 6250000.000000 0.100000
 62500.000000 1764000000.000000 0.100000
 422500.000000 1000000.000000 0.100000
 422500.000000 1000000.000000 0.100000
 422500.000000 1000000.000000 0.100000
 422500.000000 6250000.000000 0.100000
 422500.000000 6250000.000000 0.100000
 422500.000000 1764000000.000000 0.100000
 15625.000000 1000000.000000 0.100000
 15625.000000 1000000.000000 0.100000
 15625.000000 1000000.000000 0.100000
 15625.000000 6250000.000000 0.100000
 15625.000000 6250000.000000 0.100000
 15625.000000 1764000000.000000 0.100000
 15625.000000 1000000.000000 0.100000
 15625.000000 1000000.000000 0.100000
 15625.000000 1000000.000000 0.100000
 15625.000000 6250000.000000 0.100000
 15625.000000 6250000.000000 0.100000
 15625.000000 1764000000.000000 0.100000
 15625.000000 1000000.000000 0.100000
 15625.000000 1000000.000000 0.100000
 15625.000000 1000000.000000 0.100000
 15625.000000 6250000.000000 0.100000
 15625.000000 6250000.000000 0.100000
 15625.000000 1764000000.000000 0.100000
 62500.000000 1000000.000000 0.100000
 62500.000000 1000000.000000 0.100000
 62500.000000 1000000.000000 0.100000
 62500.000000 6250000.000000 0.100000
 62500.000000 6250000.000000 0.100000
 62500.000000 1764000000.000000 0.100000
 422500.000000 1000000.000000 0.100000
 422500.000000 1000000.000000 0.100000
 422500.000000 1000000.000000 0.100000
 422500.000000 6250000.000000 0.100000
 422500.000000 6250000.000000 0.100000
 422500.000000 1764000000.000000 0.100000
 15625.000000 1000000.000000 0.100000
 15625.000000 1000000.000000 0.100000
 15625.000000 1000000.000000 0.100000
 15625.000000 6250000.000000 0.100000
 15625.000000 6250000.000000 0.100000
 15625.000000 1764000000.000000 0.100000
 15625.000000 1000000.000000 0.100000
 15625.000000 1000000.000000 0.100000
 15625.000000 1000000.000000 0.100000
 15625.000000 6250000.000000 0.100000
 15625.000000 6250000.000000 0.100000
 15625.000000 1764000000.000000 0.100000
 15625.000000 1000000.000000 0.100000
 15625.000000 1000000.000000 0.100000
 15625.000000 1000000.000000 0.100000
 15625.000000 6250000.000000 0.100000
 15625.000000 6250000.000000 0.100000
 15625.000000 1764000000.000000 0.100000
 62500.000000 1000000.000000 0.100000
 62500.000000 1000000.000000 0.100000
 62500.000000 1000000.000000 0.100000
 62500.000000 6250000.000000 0.100000
 62500.000000 6250000.000000 0.100000
 62500.000000 1764000000.000000 0.100000
 422500.000000 1000000.000000 0.100000
 422500.000000 1000000.000000 0.100000
 422500.000000 1000000.000000 0.100000
 422500.000000 6250000.000000 0.100000
 422500.000000 6250000.000000 0.100000
 422500.000000 1764000000.000000 0.100000
 15625.000000 1000000.000000 0.100000
 15625.000000 1000000.000000 0.100000
 15625.000000 1000000.000000 0.100000
 15625.000000 6250000.000000 0.100000
 15625.000000 6250000.000000 0.100000
 15625.000000 1764000000.000000 0.100000
 15625.000000 1000000.000000 0.100000
 15625.000000 1000000.000000 0.100000
 15625.000000 1000000.000000 0.100000
 15625.000000 6250000.000000 0.100000
 15625.000000 6250000.000000 0.100000
 15625.000000 1764000000.000000 0.100000
 15625.000000 1000000.000000 0.100000
 15625.000000 1000000.000000 0.100000
 15625.000000 1000000.000000 0.100000
 15625.000000 6250000.000000 0.100000
 15625.000000 6250000.000000 0.100000
 15625.000000 1764000000.000000 0.100000
 62500.000000 1000000.000000 0.100000
 62500.000000 1000000.000000 0.100000
 62500.000000 1000000.000000 0.100000
 62500.000000 6250000.000000 0.100000
 62500.000000 6250000.000000 0.100000
 62500.000000 1764000000.000000 0.100000
 422500.000000 1000000.000000 0.100000
 422500.000000 1000000.000000 0.100000
 422500.000000 1000000.000000 0.100000
 422500.000000 6250000.000000 0.100000
 422500.000000 6250000.000000 0.100000
 422500.000000 1764000000.000000 0.100000
