
 15705.1412174022
 -2397.8086521496
 6059.0998046435
 2173.6512316433
 51.8554073767
 15071.3290724580
 26289.0016967017
 1911.1931425434
 5259.4157831115
 2173.4359797014
 66.2168521836
 14722.2580573882
 -724.6373026584
 -54.0377113578
 81.7371221359
 25.7181578293
 1.6239987592
 -278.9754106283
 1171.6417940868
 72.3059642524
 373.8745918587
 148.8563343302
 5.0207545300
 748.4639269685
 6175.0096325949
 120.6565478518
 1429.7460143574
 563.6702824580
 16.0409060232
 4098.1289016364
 12160.0764394427
 -7722.8103341598
 7139.7756385860
 2364.1079996399
 93.7938701823
 14169.1496715430
 9848.9814209204
 -2185.7332135679
 6206.3732133518
 2336.6843219870
 126.3418120255
 6780.6196685697
 -2544.0834983479
 -239.7633211959
 92.5839756827
 15.2253671412
 3.2199993496
 -1162.0731349882
 -887.6245428098
 -295.7791855087
 438.7343246441
 152.5780552733
 9.6433166284
 -245.5179280557
 2637.0608750329
 -1071.9362999639
 1685.4778945456
 605.1977224533
 30.1914845341
 2465.3014376983
 1224.3771195562
 -5101.8509923875
 5417.0945030062
 1887.0128459349
 120.2034636561
 2737.5679230762
 -10815.9130201084
 -3438.1870388465
 4652.2617291024
 1703.2980765449
 168.1554211682
 -5646.0419783727
 -3997.1342991702
 -393.2846692583
 61.3179066651
 -7.5430492564
 4.3954551433
 -1931.3668578207
 -3010.0401971547
 -456.8819806321
 323.9963735962
 100.2852626060
 12.8925453214
 -1471.5444936455
 -2344.2382127794
 -1101.7354019849
 1267.1554327755
 450.4720651048
 39.8103797337
 -930.8820864336
 2317.8670241257
 11755.4408617259
 2557.0573805443
 1664.6496115661
 107.6973924137
 -5469.0404964173
 -6559.9758548006
 4440.9859526928
 2056.0214685902
 1156.6047024387
 154.2027415656
 -6495.8642919599
 -3619.1257280265
 -332.6708903009
 15.5280989837
 -19.4404306477
 4.0912378473
 -1822.8799126586
 -2552.3394448188
 85.1121522267
 136.4058038457
 60.2517482609
 11.8547062682
 -1490.7496724662
 -1618.2272490773
 1683.2658501326
 571.2252312492
 334.7531984734
 36.3030603274
 -1880.8863366130
 12367.0669832040
 31749.1500487680
 731.9434472098
 1939.0280828239
 66.8134570094
 -5814.4835674450
 17154.5492091581
 16621.2118314768
 410.7588299230
 1164.5648968568
 96.6282847359
 4055.9251015189
 -1926.1094966574
 -94.9077609214
 -8.9218894333
 -11.6428492694
 2.5807003857
 -1020.7619368283
 -138.1091255215
 995.9851344486
 20.3492656972
 66.0309075375
 7.4376690582
 -402.6620884829
 3602.1061059823
 5510.9256987151
 130.1485523613
 360.9095987852
 22.6943952367
 12.8847608762

