
 25857.7864100236
 8654.3299187986
 776.4218594168
 757.8174577196
 0.9341264762
 20009.3806135487
 217.1024705907
 -532.9017062121
 65.9623339876
 -2.7350645960
 0.0480265081
 204.8473374886
 11.4420593473
 -7.0040508436
 0.2241458794
 -0.2044927888
 0.0000455558
 3.6032327124
 99.8519189752
 -8.3466598806
 6.3218374274
 2.0518880969
 0.0056653948
 75.6597762458
 2220.7362713765
 632.6922781794
 76.6866851295
 63.1448928329
 0.0867833779
 1727.8312608658
 22092.9459269729
 9891.7541533380
 908.6633971561
 841.4256684201
 1.0850537548
 17023.0639776634
 2489.2011290603
 -87.3485060545
 90.5446835728
 35.6405479805
 0.0823424357
 1168.6554046570
 109.0456875072
 14.0550720211
 0.8502188968
 1.3872705000
 0.0011744642
 58.5384711953
 283.0363527673
 34.8533263312
 8.5466044174
 5.5568005163
 0.0088364569
 157.8886031831
 2296.9330514815
 814.9279863683
 92.1450958639
 76.8847181949
 0.1055213153
 1645.6831412571
 6353.1726909746
 7213.7293293738
 712.8368951767
 588.5980115706
 0.8347287312
 4359.3217907187
 6635.1651601274
 834.2275536605
 96.0983461269
 98.2206266662
 0.1113563076
 2917.7218938068
 307.9973964758
 53.7987222184
 1.7889553713
 4.3820505667
 0.0030811128
 168.9688552343
 601.6890443724
 105.3986734508
 8.8723006956
 10.3191719820
 0.0109713661
 290.9435308047
 1709.3631077536
 753.9154938590
 76.7943631672
 66.7968114896
 0.0897596163
 894.7346711069
 -3034.5437153318
 3464.2629525533
 378.8302803909
 269.4264138397
 0.4328268234
 -4409.1511245148
 12271.0504539767
 1779.4570818239
 84.8470398549
 163.1373810137
 0.1258316804
 5452.8923137431
 578.7585437239
 88.9936396084
 2.4044706515
 7.3833854627
 0.0045943151
 312.0975078685
 1069.1072264881
 170.8599230909
 7.5979633086
 14.9937960844
 0.0115441583
 500.8148967945
 1954.1427089732
 608.5317548828
 46.8787367697
 51.7789415875
 0.0587500579
 628.0189286246
 2511.6682877243
 1438.1068110231
 140.8002458881
 124.1376429063
 0.1656969197
 -2126.9148332508
 16907.4548765043
 2094.5822757466
 61.6534486592
 190.7682570412
 0.1133970378
 7688.2243712872
 784.7161898409
 93.1830221096
 2.1316574058
 8.3966296435
 0.0044993635
 413.4893001258
 1481.7097462113
 185.1868113796
 5.3565627535
 16.7599780932
 0.0099391582
 699.7125166499
 3288.7084942824
 495.7764219771
 22.8257541326
 44.7705773225
 0.0342052129
 1241.0248721189

