
 -10816.8491255117
 -2151.5025571345
 -27.0681774129
 -154.6304109972
 -0.0807807416
 -6155.7500501869
 984.8196788208
 -507.9717924667
 -7.2649970512
 -21.7908116545
 -0.0187609332
 1026.2764618257
 203.6203468903
 1.1351306700
 -0.0346101056
 0.9047142259
 0.0000600403
 141.9310586150
 151.3516391373
 -35.2320369253
 -0.5244027302
 -1.1659792224
 -0.0012939158
 129.3735196228
 -687.2726190901
 -266.4556473072
 -3.5134472084
 -16.4372326835
 -0.0099469761
 -305.2445894366
 -8715.5429972329
 -2532.9539496239
 -32.8367872057
 -165.3331765299
 -0.0947255666
 -4411.1707035984
 13929.8363112060
 -383.9568905370
 -8.7423135290
 38.3672289170
 -0.0130137821
 10020.4264367723
 898.7593566599
 13.3093225774
 -0.0380175069
 4.4162353391
 0.0005729649
 621.0028630062
 1341.3472747047
 -21.6066254243
 -0.6295736853
 4.4775743684
 -0.0006831627
 954.6011927003
 1867.9101042804
 -274.2322720071
 -4.2491314772
 -6.2068076858
 -0.0100075598
 1492.9463805559
 5614.1634402506
 -1830.0873451741
 -26.6460566401
 -69.9184499207
 -0.0673703296
 5177.4571296151
 47076.7124196726
 341.7430455080
 -6.8953150179
 213.2085207622
 0.0168339874
 32770.4488449580
 2555.8325268060
 44.2445868704
 -0.0197310723
 12.8845707593
 0.0018666528
 1761.7021770603
 4338.8521720164
 41.8629793454
 -0.4924254003
 20.1787755183
 0.0019359258
 3013.2736720953
 9129.4898226925
 -83.9949349868
 -3.4113913455
 33.6888739376
 -0.0023079403
 6457.0651628495
 27097.2433317997
 -558.9459919608
 -14.3887788629
 84.2101758674
 -0.0183221363
 19384.2931129750
 92800.2719157192
 1415.5377251047
 -3.3492724585
 458.0968546320
 0.0606984923
 64098.0019392628
 4818.0675735152
 86.8445008915
 0.0102722614
 24.4642491539
 0.0036463796
 3318.7107056241
 8464.1689808424
 134.4962292526
 -0.2311748223
 42.0568635719
 0.0057359394
 5842.5782612927
 19284.1389173280
 216.0579425619
 -1.7731609321
 91.2136460759
 0.0097180592
 13373.3850762366
 40212.1994489075
 350.3369405277
 -5.0755818634
 185.0959489060
 0.0165538462
 27958.9816445220
 118382.6890664476
 2064.2649611945
 -0.7059210167
 597.5556919520
 0.0870160818
 81591.3108736835
 6068.7535587477
 110.6402163844
 0.0302186519
 30.8785678177
 0.0046393526
 4179.3338871766
 10766.2235052662
 189.6770195717
 -0.0374050869
 54.4433264503
 0.0079856629
 7418.9072945364
 25053.6465735792
 408.6850525114
 -0.5378132546
 125.0260430301
 0.0173709690
 17286.9921662303

