
 823.4227468300
 15858.6398929432
 5594.1111017708
 2366.9440091166
 5.7693242221
 8259.5976322844
 91.9706711564
 1771.3012668122
 624.8238277776
 264.3714057526
 0.6443939312
 922.5403848116
 0.1881472712
 3.6236062603
 1.2782215969
 0.5408328323
 0.0013182568
 1.8872696454
 7.9480429969
 153.0746536042
 53.9968512374
 22.8467975023
 0.0556880863
 79.7253140879
 84.8960893402
 1635.0489640336
 576.7610352076
 244.0353886687
 0.5948257641
 851.5765944096
 1038.9078192098
 20008.7561950878
 7058.0583151631
 2986.3598597073
 7.2791237174
 10421.0875844052
 116.0388752560
 2234.8407830022
 788.3366870854
 333.5559063303
 0.8130281757
 1163.9639820582
 0.2373843471
 4.5718835094
 1.6127249543
 0.6823657234
 0.0016632371
 2.3811574299
 10.0280008643
 193.1334240698
 68.1275215911
 28.8256750988
 0.0702613433
 100.5889775498
 107.1129154198
 2062.9320237568
 727.6961337291
 307.8980686748
 0.7504883000
 1074.4293693539
 878.6448685871
 16922.1856189271
 5969.2752389939
 2525.6810257544
 6.1562388731
 8813.5202775721
 98.1386032669
 1890.0920272094
 666.7270878309
 282.1012413853
 0.6876096430
 984.4097437186
 0.2007652023
 3.8666202247
 1.3639444033
 0.5771033101
 0.0014066645
 2.0138377231
 8.4810715047
 163.3404705152
 57.6181025388
 24.3789978675
 0.0594227588
 85.0720221047
 90.5895708481
 1744.7020836713
 615.4410063811
 260.4014072150
 0.6347172305
 908.6868291742
 498.1176681534
 9593.4545820705
 3384.0765124993
 1431.8485067479
 3.4900691527
 4996.5239948955
 55.6363258500
 1071.5230542493
 377.9781276354
 159.9276540111
 0.3898167783
 558.0774481016
 0.1138169675
 2.1920481401
 0.7732416474
 0.3271689910
 0.0007974603
 1.1416764458
 4.8080535293
 92.6002952921
 32.6646133223
 13.8208393446
 0.0336877015
 48.2286743950
 51.3566600149
 989.0991965142
 348.9032371833
 147.6256749265
 0.3598312334
 515.1489306002
 189.2922018270
 3645.6569543090
 1285.9999457093
 544.1239567547
 1.3262787423
 1898.7542280553
 21.1426401733
 407.1948682310
 143.6373704386
 60.7749126286
 0.1481362357
 212.0778195497
 0.0432521586
 0.8330112451
 0.2938434497
 0.1243291347
 0.0003030469
 0.4338542116
 1.8271326179
 35.1895042203
 12.4130440916
 5.2521267120
 0.0128018330
 18.3276212652
 19.5163028221
 375.8725632592
 132.5884750000
 56.0999756476
 0.1367412778
 195.7643375784

